3.99347400565693
3.995130366326241
3.9940862701720294
3.9920175465501364
3.9933153768563185
3.9946357656778124
3.9958334839589487
3.993353526852962
3.984590213415246
3.9801832056190842
3.9811856682883096
3.9874285816501684
3.9923424268197065
3.9817854168988562
3.980657788285721
3.98363195753547
3.978307896478743
3.9828536079895374
3.9844848711594816
3.9851990529490955
3.98848867134201
3.981932470442781
3.9773386177220327
3.9786525207458077
3.9788582810579296
3.9818952135359966
3.984929178160077
3.9814590587302874
3.9854563186584553
3.985980465776402
3.992786513167933
3.988975318009639
3.983897813815107
3.9828150769599193
3.9834540057595986
3.9742952968273944
3.971955793363533
3.9719678236976472
3.969056571763143
3.9583232977187546
3.9580763294973282
3.9504084299547744
3.9446995275628045
4.09679742001598
3.9404543642472554
3.943849395461654